Camera: Camera_1
Intrinsics:
1111.111111 0.000000 400.000000
0.000000 1666.666667 400.000000
0.000000 0.000000 1.000000

Extrinsics:
-0.000000 1.000000 -0.000000 0.000008
-0.989798 0.000000 0.142478 -0.028496
0.142478 0.000000 0.989798 -19.999979
-0.000000 -0.000000 -0.000000 1.000000

Camera: Camera_2
Intrinsics:
1111.111111 0.000000 400.000000
0.000000 1666.666667 400.000000
0.000000 0.000000 1.000000

Extrinsics:
-0.062790 0.998027 0.000000 -0.000001
-0.977665 -0.061509 0.200967 -0.040194
0.200570 0.012619 0.979598 -19.999960
-0.000000 0.000000 -0.000000 1.000000

Camera: Camera_3
Intrinsics:
1111.111111 0.000000 400.000000
0.000000 1666.666667 400.000000
0.000000 0.000000 1.000000

Extrinsics:
-0.125333 0.992115 -0.000000 0.000001
-0.961756 -0.121498 0.245485 -0.049098
0.243550 0.030768 0.969400 -19.999935
-0.000000 -0.000000 -0.000000 1.000000

Camera: Camera_4
Intrinsics:
1111.111111 0.000000 400.000000
0.000000 1666.666667 400.000000
0.000000 0.000000 1.000000

Extrinsics:
-0.187381 0.982287 0.000000 -0.000002
-0.942214 -0.179737 0.282713 -0.056543
0.277705 0.052975 0.959205 -19.999924
-0.000000 0.000000 -0.000000 1.000000

Camera: Camera_5
Intrinsics:
1111.111111 0.000000 400.000000
0.000000 1666.666667 400.000000
0.000000 0.000000 1.000000

Extrinsics:
-0.248690 0.968583 -0.000000 0.000003
-0.919196 -0.236009 0.315243 -0.063049
0.305339 0.078398 0.949011 -19.999903
-0.000000 -0.000000 -0.000000 1.000000

Camera: Camera_6
Intrinsics:
1111.111111 0.000000 400.000000
0.000000 1666.666667 400.000000
0.000000 0.000000 1.000000

Extrinsics:
-0.309017 0.951057 -0.000000 0.000002
-0.892870 -0.290111 0.344410 -0.068881
0.327553 0.106429 0.938819 -19.999880
-0.000000 -0.000000 -0.000000 1.000000

Camera: Camera_7
Intrinsics:
1111.111111 0.000000 400.000000
0.000000 1666.666667 400.000000
0.000000 0.000000 1.000000

Extrinsics:
-0.368125 0.929776 -0.000000 0.000002
-0.863418 -0.341852 0.371007 -0.074203
0.344954 0.136577 0.928630 -19.999861
-0.000000 -0.000000 -0.000000 1.000000

Camera: Camera_8
Intrinsics:
1111.111111 0.000000 400.000000
0.000000 1666.666667 400.000000
0.000000 0.000000 1.000000

Extrinsics:
-0.425779 0.904827 0.000000 -0.000000
-0.831032 -0.391054 0.395554 -0.079113
0.357908 0.168419 0.918442 -19.999842
-0.000000 0.000000 -0.000000 1.000000

Camera: Camera_9
Intrinsics:
1111.111111 0.000000 400.000000
0.000000 1666.666667 400.000000
0.000000 0.000000 1.000000

Extrinsics:
-0.481754 0.876307 -0.000000 0.000002
-0.795912 -0.437556 0.418412 -0.083684
0.366657 0.201572 0.908257 -19.999825
-0.000000 -0.000000 -0.000000 1.000000

Camera: Camera_10
Intrinsics:
1111.111111 0.000000 400.000000
0.000000 1666.666667 400.000000
0.000000 0.000000 1.000000

Extrinsics:
-0.535827 0.844328 0.000000 -0.000002
-0.758269 -0.481212 0.439844 -0.087971
0.371373 0.235680 0.898074 -19.999805
-0.000000 0.000000 -0.000000 1.000000

Camera: Camera_11
Intrinsics:
1111.111111 0.000000 400.000000
0.000000 1666.666667 400.000000
0.000000 0.000000 1.000000

Extrinsics:
-0.587785 0.809017 -0.000000 0.000001
-0.718320 -0.521890 0.460050 -0.092009
0.372188 0.270411 0.887893 -19.999788
-0.000000 -0.000000 -0.000000 1.000000

Camera: Camera_12
Intrinsics:
1111.111111 0.000000 400.000000
0.000000 1666.666667 400.000000
0.000000 0.000000 1.000000

Extrinsics:
-0.637424 0.770513 -0.000000 0.000001
-0.676290 -0.559476 0.479185 -0.095837
0.369218 0.305444 0.877714 -19.999771
-0.000000 -0.000000 -0.000000 1.000000

Camera: Camera_13
Intrinsics:
1111.111111 0.000000 400.000000
0.000000 1666.666667 400.000000
0.000000 0.000000 1.000000

Extrinsics:
-0.684547 0.728969 -0.000000 0.000001
-0.632407 -0.593870 0.497373 -0.099475
0.362569 0.340475 0.867537 -19.999752
-0.000000 -0.000000 -0.000000 1.000000

Camera: Camera_14
Intrinsics:
1111.111111 0.000000 400.000000
0.000000 1666.666667 400.000000
0.000000 0.000000 1.000000

Extrinsics:
-0.728969 0.684547 0.000000 -0.000001
-0.586905 -0.624990 0.514714 -0.102946
0.352346 0.375210 0.857362 -19.999735
-0.000000 0.000000 -0.000000 1.000000

Camera: Camera_15
Intrinsics:
1111.111111 0.000000 400.000000
0.000000 1666.666667 400.000000
0.000000 0.000000 1.000000

Extrinsics:
-0.770513 0.637424 0.000000 -0.000001
-0.540019 -0.652771 0.531291 -0.106261
0.338658 0.409367 0.847189 -19.999718
-0.000000 0.000000 -0.000000 1.000000

Camera: Camera_16
Intrinsics:
1111.111111 0.000000 400.000000
0.000000 1666.666667 400.000000
0.000000 0.000000 1.000000

Extrinsics:
-0.809017 0.587785 0.000000 0.000001
-0.491987 -0.677162 0.547175 -0.109435
0.321621 0.442674 0.837019 -19.999702
-0.000000 0.000000 -0.000000 1.000000

Camera: Camera_17
Intrinsics:
1111.111111 0.000000 400.000000
0.000000 1666.666667 400.000000
0.000000 0.000000 1.000000

Extrinsics:
-0.844328 0.535827 -0.000000 0.000002
-0.443048 -0.698133 0.562423 -0.112483
0.301361 0.474869 0.826850 -19.999683
-0.000000 -0.000000 -0.000000 1.000000

Camera: Camera_18
Intrinsics:
1111.111111 0.000000 400.000000
0.000000 1666.666667 400.000000
0.000000 0.000000 1.000000

Extrinsics:
-0.876307 0.481754 0.000000 0.000001
-0.393440 -0.715665 0.577086 -0.115418
0.278013 0.505704 0.816683 -19.999666
-0.000000 0.000000 -0.000000 1.000000

Camera: Camera_19
Intrinsics:
1111.111111 0.000000 400.000000
0.000000 1666.666667 400.000000
0.000000 0.000000 1.000000

Extrinsics:
-0.904827 0.425779 0.000000 -0.000001
-0.343399 -0.729760 0.591208 -0.118242
0.251724 0.534941 0.806519 -19.999653
-0.000000 -0.000000 -0.000000 1.000000

Camera: Camera_20
Intrinsics:
1111.111111 0.000000 400.000000
0.000000 1666.666667 400.000000
0.000000 0.000000 1.000000

Extrinsics:
-0.929776 0.368125 -0.000000 -0.000000
-0.293158 -0.740433 0.604828 -0.120966
0.222652 0.562355 0.796356 -19.999634
-0.000000 -0.000000 -0.000000 1.000000

Camera: Camera_21
Intrinsics:
1111.111111 0.000000 400.000000
0.000000 1666.666667 400.000000
0.000000 0.000000 1.000000

Extrinsics:
-0.951057 0.309017 -0.000000 0.000000
-0.242948 -0.747717 0.617977 -0.123597
0.190965 0.587731 0.786196 -19.999620
-0.000000 -0.000000 -0.000000 1.000000

Camera: Camera_22
Intrinsics:
1111.111111 0.000000 400.000000
0.000000 1666.666667 400.000000
0.000000 0.000000 1.000000

Extrinsics:
-0.968583 0.248690 0.000000 -0.000001
-0.192993 -0.751657 0.630686 -0.126137
0.156845 0.610872 0.776038 -19.999603
-0.000000 0.000000 -0.000000 1.000000

Camera: Camera_23
Intrinsics:
1111.111111 0.000000 400.000000
0.000000 1666.666667 400.000000
0.000000 0.000000 1.000000

Extrinsics:
-0.982287 0.187381 0.000000 -0.000000
-0.143512 -0.752316 0.642982 -0.128595
0.120483 0.631593 0.765882 -19.999588
-0.000000 0.000000 -0.000000 1.000000

Camera: Camera_24
Intrinsics:
1111.111111 0.000000 400.000000
0.000000 1666.666667 400.000000
0.000000 0.000000 1.000000

Extrinsics:
-0.992115 0.125333 0.000000 0.000000
-0.094718 -0.749768 0.654886 -0.130980
0.082079 0.649722 0.755727 -19.999573
-0.000000 0.000000 -0.000000 1.000000

Camera: Camera_25
Intrinsics:
1111.111111 0.000000 400.000000
0.000000 1666.666667 400.000000
0.000000 0.000000 1.000000

Extrinsics:
-0.998027 0.062790 0.000000 0.000000
-0.046815 -0.744104 0.666421 -0.133285
0.041845 0.665106 0.745575 -19.999556
-0.000000 0.000000 -0.000000 1.000000

Camera: Camera_26
Intrinsics:
1111.111111 0.000000 400.000000
0.000000 1666.666667 400.000000
0.000000 0.000000 1.000000

Extrinsics:
-1.000000 -0.000000 0.000000 0.000001
0.000000 -0.735425 0.677606 -0.135523
-0.000000 0.677606 0.735425 -19.999542
-0.000000 0.000000 -0.000000 1.000000

Camera: Camera_27
Intrinsics:
1111.111111 0.000000 400.000000
0.000000 1666.666667 400.000000
0.000000 0.000000 1.000000

Extrinsics:
-0.998027 -0.062790 -0.000000 -0.000000
0.045540 -0.723846 0.688457 -0.137692
-0.043229 0.687098 0.725277 -19.999527
0.000000 0.000000 -0.000000 1.000000

Camera: Camera_28
Intrinsics:
1111.111111 0.000000 400.000000
0.000000 1666.666667 400.000000
0.000000 0.000000 1.000000

Extrinsics:
-0.992115 -0.125333 -0.000000 0.000000
0.089630 -0.709492 0.698990 -0.139805
-0.087607 0.693478 0.715131 -19.999514
0.000000 0.000000 -0.000000 1.000000

Camera: Camera_29
Intrinsics:
1111.111111 0.000000 400.000000
0.000000 1666.666667 400.000000
0.000000 0.000000 1.000000

Extrinsics:
-0.982287 -0.187381 -0.000000 0.000000
0.132102 -0.692501 0.709219 -0.141842
-0.132894 0.696657 0.704988 -19.999498
0.000000 0.000000 -0.000000 1.000000

Camera: Camera_30
Intrinsics:
1111.111111 0.000000 400.000000
0.000000 1666.666667 400.000000
0.000000 0.000000 1.000000

Extrinsics:
-0.968583 -0.248690 0.000000 -0.000000
0.172801 -0.673016 0.719159 -0.143835
-0.178847 0.696565 0.694846 -19.999485
-0.000000 0.000000 -0.000000 1.000000

Camera: Camera_31
Intrinsics:
1111.111111 0.000000 400.000000
0.000000 1666.666667 400.000000
0.000000 0.000000 1.000000

Extrinsics:
-0.951057 -0.309017 0.000000 0.000001
0.211586 -0.651194 0.728819 -0.145768
-0.225218 0.693148 0.684706 -19.999472
-0.000000 0.000000 -0.000000 1.000000

Camera: Camera_32
Intrinsics:
1111.111111 0.000000 400.000000
0.000000 1666.666667 400.000000
0.000000 0.000000 1.000000

Extrinsics:
-0.929776 -0.368125 0.000000 0.000001
0.248325 -0.627198 0.738212 -0.147645
-0.271754 0.686372 0.674569 -19.999458
-0.000000 0.000000 -0.000000 1.000000

Camera: Camera_33
Intrinsics:
1111.111111 0.000000 400.000000
0.000000 1666.666667 400.000000
0.000000 0.000000 1.000000

Extrinsics:
-0.904827 -0.425779 0.000000 -0.000003
0.282902 -0.601197 0.747348 -0.149472
-0.318205 0.676220 0.664433 -19.999441
-0.000000 0.000000 -0.000000 1.000000

Camera: Camera_34
Intrinsics:
1111.111111 0.000000 400.000000
0.000000 1666.666667 400.000000
0.000000 0.000000 1.000000

Extrinsics:
-0.876307 -0.481754 -0.000000 -0.000001
0.315211 -0.573367 0.756235 -0.151249
-0.364319 0.662694 0.654300 -19.999428
0.000000 0.000000 -0.000000 1.000000

Camera: Camera_35
Intrinsics:
1111.111111 0.000000 400.000000
0.000000 1666.666667 400.000000
0.000000 0.000000 1.000000

Extrinsics:
-0.844328 -0.535827 0.000000 -0.000002
0.345163 -0.543889 0.764884 -0.152980
-0.409845 0.645813 0.644168 -19.999414
-0.000000 0.000000 -0.000000 1.000000

Camera: Camera_36
Intrinsics:
1111.111111 0.000000 400.000000
0.000000 1666.666667 400.000000
0.000000 0.000000 1.000000

Extrinsics:
-0.809017 -0.587785 -0.000000 -0.000000
0.372679 -0.512948 0.773301 -0.154662
-0.454535 0.625614 0.634039 -19.999405
0.000000 0.000000 -0.000000 1.000000

Camera: Camera_37
Intrinsics:
1111.111111 0.000000 400.000000
0.000000 1666.666667 400.000000
0.000000 0.000000 1.000000

Extrinsics:
-0.770513 -0.637424 -0.000000 0.000001
0.397696 -0.480732 0.781495 -0.156298
-0.498144 0.602152 0.623912 -19.999390
0.000000 0.000000 -0.000000 1.000000

Camera: Camera_38
Intrinsics:
1111.111111 0.000000 400.000000
0.000000 1666.666667 400.000000
0.000000 0.000000 1.000000

Extrinsics:
-0.728969 -0.684547 0.000000 -0.000001
0.420166 -0.447431 0.789472 -0.157894
-0.540431 0.575500 0.613787 -19.999378
-0.000000 0.000000 -0.000000 1.000000

Camera: Camera_39
Intrinsics:
1111.111111 0.000000 400.000000
0.000000 1666.666667 400.000000
0.000000 0.000000 1.000000

Extrinsics:
-0.684547 -0.728969 0.000000 -0.000001
0.440052 -0.413236 0.797239 -0.159448
-0.581162 0.545748 0.603663 -19.999363
0.000000 0.000000 -0.000000 1.000000

Camera: Camera_40
Intrinsics:
1111.111111 0.000000 400.000000
0.000000 1666.666667 400.000000
0.000000 0.000000 1.000000

Extrinsics:
-0.637424 -0.770513 0.000000 0.000000
0.457332 -0.378338 0.804803 -0.160963
-0.620111 0.513001 0.593542 -19.999353
-0.000000 0.000000 -0.000000 1.000000

Camera: Camera_41
Intrinsics:
1111.111111 0.000000 400.000000
0.000000 1666.666667 400.000000
0.000000 0.000000 1.000000

Extrinsics:
-0.587785 -0.809017 -0.000000 0.000001
0.471999 -0.342927 0.812168 -0.162433
-0.657058 0.477381 0.583423 -19.999340
0.000000 0.000000 -0.000000 1.000000

Camera: Camera_42
Intrinsics:
1111.111111 0.000000 400.000000
0.000000 1666.666667 400.000000
0.000000 0.000000 1.000000

Extrinsics:
-0.535827 -0.844328 0.000000 0.000000
0.484058 -0.307193 0.819341 -0.163869
-0.691793 0.439025 0.573306 -19.999331
-0.000000 0.000000 -0.000000 1.000000

Camera: Camera_43
Intrinsics:
1111.111111 0.000000 400.000000
0.000000 1666.666667 400.000000
0.000000 0.000000 1.000000

Extrinsics:
-0.481754 -0.876306 -0.000000 -0.000004
0.493528 -0.271320 0.826327 -0.165268
-0.724115 0.398086 0.563191 -19.999313
0.000000 0.000000 -0.000000 1.000000

Camera: Camera_44
Intrinsics:
1111.111111 0.000000 400.000000
0.000000 1666.666667 400.000000
0.000000 0.000000 1.000000

Extrinsics:
-0.425779 -0.904827 0.000000 -0.000002
0.500440 -0.235489 0.833129 -0.166627
-0.753838 0.354729 0.553078 -19.999308
-0.000000 0.000000 -0.000000 1.000000

Camera: Camera_45
Intrinsics:
1111.111111 0.000000 400.000000
0.000000 1666.666667 400.000000
0.000000 0.000000 1.000000

Extrinsics:
-0.368125 -0.929776 0.000000 0.000000
0.504838 -0.199879 0.839754 -0.167953
-0.780783 0.309134 0.542967 -19.999296
-0.000000 0.000000 -0.000000 1.000000

Camera: Camera_46
Intrinsics:
1111.111111 0.000000 400.000000
0.000000 1666.666667 400.000000
0.000000 0.000000 1.000000

Extrinsics:
-0.309017 -0.951057 0.000000 0.000001
0.506778 -0.164662 0.846204 -0.169241
-0.804788 0.261492 0.532858 -19.999285
-0.000000 0.000000 -0.000000 1.000000

Camera: Camera_47
Intrinsics:
1111.111111 0.000000 400.000000
0.000000 1666.666667 400.000000
0.000000 0.000000 1.000000

Extrinsics:
-0.248690 -0.968583 -0.000000 -0.000002
0.506328 -0.130003 0.852485 -0.170501
-0.825703 0.212005 0.522752 -19.999273
0.000000 0.000000 -0.000000 1.000000

Camera: Camera_48
Intrinsics:
1111.111111 0.000000 400.000000
0.000000 1666.666667 400.000000
0.000000 0.000000 1.000000

Extrinsics:
-0.187381 -0.982287 -0.000000 0.000003
0.503567 -0.096060 0.858599 -0.171719
-0.843391 0.160885 0.512647 -19.999262
0.000000 0.000000 -0.000000 1.000000

Camera: Camera_49
Intrinsics:
1111.111111 0.000000 400.000000
0.000000 1666.666667 400.000000
0.000000 0.000000 1.000000

Extrinsics:
-0.125333 -0.992115 -0.000000 0.000001
0.498582 -0.062986 0.864552 -0.172910
-0.857734 0.108357 0.502544 -19.999256
0.000000 0.000000 -0.000000 1.000000

Camera: Camera_50
Intrinsics:
1111.111111 0.000000 400.000000
0.000000 1666.666667 400.000000
0.000000 0.000000 1.000000

Extrinsics:
-0.062790 -0.998027 -0.000000 0.000003
0.491472 -0.030921 0.870344 -0.174069
-0.868627 0.054649 0.492444 -19.999241
0.000000 0.000000 -0.000000 1.000000

Camera: Camera_51
Intrinsics:
1111.111111 0.000000 400.000000
0.000000 1666.666667 400.000000
0.000000 0.000000 1.000000

Extrinsics:
-0.000000 -1.000000 -0.000000 -0.000002
0.482345 -0.000000 0.875981 -0.175199
-0.875981 0.000000 0.482345 -19.999233
0.000000 0.000000 -0.000000 1.000000

Camera: Camera_52
Intrinsics:
1111.111111 0.000000 400.000000
0.000000 1666.666667 400.000000
0.000000 0.000000 1.000000

Extrinsics:
0.062790 -0.998027 -0.000000 -0.000000
0.471317 0.029653 0.881465 -0.176295
-0.879726 -0.055348 0.472248 -19.999222
-0.000000 0.000000 -0.000000 1.000000

Camera: Camera_53
Intrinsics:
1111.111111 0.000000 400.000000
0.000000 1666.666667 400.000000
0.000000 0.000000 1.000000

Extrinsics:
0.125333 -0.992115 -0.000000 -0.000002
0.458510 0.057923 0.886800 -0.177363
-0.879807 -0.111145 0.462154 -19.999212
-0.000000 0.000000 -0.000000 1.000000

Camera: Camera_54
Intrinsics:
1111.111111 0.000000 400.000000
0.000000 1666.666667 400.000000
0.000000 0.000000 1.000000

Extrinsics:
0.187381 -0.982287 0.000000 -0.000002
0.444054 0.084708 0.891987 -0.178395
-0.876187 -0.167142 0.452062 -19.999205
-0.000000 0.000000 -0.000000 1.000000

Camera: Camera_55
Intrinsics:
1111.111111 0.000000 400.000000
0.000000 1666.666667 400.000000
0.000000 0.000000 1.000000

Extrinsics:
0.248690 -0.968583 -0.000000 -0.000001
0.428086 0.109914 0.897029 -0.179407
-0.868847 -0.223082 0.441971 -19.999195
-0.000000 0.000000 -0.000000 1.000000

Camera: Camera_56
Intrinsics:
1111.111111 0.000000 400.000000
0.000000 1666.666667 400.000000
0.000000 0.000000 1.000000

Extrinsics:
0.309017 -0.951057 -0.000000 -0.000001
0.410745 0.133459 0.901930 -0.180390
-0.857786 -0.278712 0.431883 -19.999186
-0.000000 0.000000 -0.000000 1.000000

Camera: Camera_57
Intrinsics:
1111.111111 0.000000 400.000000
0.000000 1666.666667 400.000000
0.000000 0.000000 1.000000

Extrinsics:
0.368124 -0.929777 0.000000 -0.000003
0.392176 0.155274 0.906691 -0.181341
-0.843020 -0.333775 0.421796 -19.999182
-0.000000 0.000000 -0.000000 1.000000

Camera: Camera_58
Intrinsics:
1111.111111 0.000000 400.000000
0.000000 1666.666667 400.000000
0.000000 0.000000 1.000000

Extrinsics:
0.425779 -0.904827 0.000000 0.000001
0.372528 0.175299 0.911314 -0.182262
-0.824582 -0.388019 0.411712 -19.999172
-0.000000 0.000000 -0.000000 1.000000

Camera: Camera_59
Intrinsics:
1111.111111 0.000000 400.000000
0.000000 1666.666667 400.000000
0.000000 0.000000 1.000000

Extrinsics:
0.481754 -0.876307 0.000000 -0.000000
0.351951 0.193487 0.915802 -0.183159
-0.802523 -0.441191 0.401630 -19.999161
-0.000000 0.000000 -0.000000 1.000000

Camera: Camera_60
Intrinsics:
1111.111111 0.000000 400.000000
0.000000 1666.666667 400.000000
0.000000 0.000000 1.000000

Extrinsics:
0.535827 -0.844328 -0.000000 0.000002
0.330596 0.209803 0.920157 -0.184035
-0.776914 -0.493045 0.391550 -19.999153
-0.000000 0.000000 -0.000000 1.000000

Camera: Camera_61
Intrinsics:
1111.111111 0.000000 400.000000
0.000000 1666.666667 400.000000
0.000000 0.000000 1.000000

Extrinsics:
0.587785 -0.809017 -0.000000 -0.000005
0.308617 0.224223 0.924381 -0.184879
-0.747840 -0.543337 0.381471 -19.999146
-0.000000 0.000000 -0.000000 1.000000

Camera: Camera_62
Intrinsics:
1111.111111 0.000000 400.000000
0.000000 1666.666667 400.000000
0.000000 0.000000 1.000000

Extrinsics:
0.637424 -0.770513 0.000000 -0.000000
0.286165 0.236736 0.928475 -0.185693
-0.715402 -0.591832 0.371395 -19.999138
-0.000000 0.000000 -0.000000 1.000000

Camera: Camera_63
Intrinsics:
1111.111111 0.000000 400.000000
0.000000 1666.666667 400.000000
0.000000 0.000000 1.000000

Extrinsics:
0.684547 -0.728969 0.000000 -0.000003
0.263392 0.247341 0.932441 -0.186490
-0.679721 -0.638300 0.361321 -19.999130
-0.000000 0.000000 -0.000000 1.000000

Camera: Camera_64
Intrinsics:
1111.111111 0.000000 400.000000
0.000000 1666.666667 400.000000
0.000000 0.000000 1.000000

Extrinsics:
0.728969 -0.684547 0.000000 -0.000005
0.240446 0.256050 0.936282 -0.187259
-0.640929 -0.682520 0.351249 -19.999123
-0.000000 0.000000 -0.000000 1.000000

Camera: Camera_65
Intrinsics:
1111.111111 0.000000 400.000000
0.000000 1666.666667 400.000000
0.000000 0.000000 1.000000

Extrinsics:
0.770513 -0.637424 -0.000000 0.000002
0.217476 0.262883 0.939998 -0.187997
-0.599177 -0.724281 0.341179 -19.999117
-0.000000 0.000000 -0.000000 1.000000

Camera: Camera_66
Intrinsics:
1111.111111 0.000000 400.000000
0.000000 1666.666667 400.000000
0.000000 0.000000 1.000000

Extrinsics:
0.809017 -0.587785 0.000000 -0.000001
0.194622 0.267875 0.943592 -0.188718
-0.554629 -0.763382 0.331111 -19.999107
-0.000000 0.000000 -0.000000 1.000000

Camera: Camera_67
Intrinsics:
1111.111111 0.000000 400.000000
0.000000 1666.666667 400.000000
0.000000 0.000000 1.000000

Extrinsics:
0.844328 -0.535827 -0.000000 -0.000001
0.172025 0.271067 0.947064 -0.189414
-0.507462 -0.799632 0.321045 -19.999104
-0.000000 0.000000 -0.000000 1.000000

Camera: Camera_68
Intrinsics:
1111.111111 0.000000 400.000000
0.000000 1666.666667 400.000000
0.000000 0.000000 1.000000

Extrinsics:
0.876307 -0.481754 -0.000000 -0.000001
0.149816 0.272515 0.950416 -0.190084
-0.457866 -0.832856 0.310981 -19.999096
-0.000000 0.000000 -0.000000 1.000000

Camera: Camera_69
Intrinsics:
1111.111111 0.000000 400.000000
0.000000 1666.666667 400.000000
0.000000 0.000000 1.000000

Extrinsics:
0.904827 -0.425779 -0.000000 -0.000001
0.128125 0.272280 0.953650 -0.190735
-0.406044 -0.862888 0.300919 -19.999094
-0.000000 0.000000 -0.000000 1.000000

Camera: Camera_70
Intrinsics:
1111.111111 0.000000 400.000000
0.000000 1666.666667 400.000000
0.000000 0.000000 1.000000

Extrinsics:
0.929776 -0.368125 0.000000 -0.000003
0.107072 0.270434 0.956766 -0.191355
-0.352209 -0.889578 0.290859 -19.999086
-0.000000 0.000000 -0.000000 1.000000

Camera: Camera_71
Intrinsics:
1111.111111 0.000000 400.000000
0.000000 1666.666667 400.000000
0.000000 0.000000 1.000000

Extrinsics:
0.951057 -0.309017 0.000000 -0.000000
0.086772 0.267058 0.959766 -0.191953
-0.296584 -0.912792 0.280801 -19.999079
-0.000000 0.000000 -0.000000 1.000000

Camera: Camera_72
Intrinsics:
1111.111111 0.000000 400.000000
0.000000 1666.666667 400.000000
0.000000 0.000000 1.000000

Extrinsics:
0.968583 -0.248690 0.000000 -0.000002
0.067332 0.262240 0.962651 -0.192531
-0.239402 -0.932408 0.270746 -19.999075
-0.000000 0.000000 -0.000000 1.000000

Camera: Camera_73
Intrinsics:
1111.111111 0.000000 400.000000
0.000000 1666.666667 400.000000
0.000000 0.000000 1.000000

Extrinsics:
0.982287 -0.187381 -0.000000 0.000000
0.048849 0.256074 0.965422 -0.193083
-0.180902 -0.948322 0.260692 -19.999067
-0.000000 0.000000 -0.000000 1.000000

Camera: Camera_74
Intrinsics:
1111.111111 0.000000 400.000000
0.000000 1666.666667 400.000000
0.000000 0.000000 1.000000

Extrinsics:
0.992115 -0.125333 0.000000 0.000000
0.031413 0.248664 0.968080 -0.193616
-0.121333 -0.960447 0.250640 -19.999062
-0.000000 0.000000 -0.000000 1.000000

Camera: Camera_75
Intrinsics:
1111.111111 0.000000 400.000000
0.000000 1666.666667 400.000000
0.000000 0.000000 1.000000

Extrinsics:
0.998027 -0.062791 -0.000000 0.000000
0.015107 0.240115 0.970627 -0.194127
-0.060946 -0.968711 0.240590 -19.999060
-0.000000 0.000000 -0.000000 1.000000

Camera: Camera_76
Intrinsics:
1111.111111 0.000000 400.000000
0.000000 1666.666667 400.000000
0.000000 0.000000 1.000000

Extrinsics:
1.000000 -0.000000 0.000000 -0.000000
0.000000 0.230543 0.973062 -0.194609
-0.000000 -0.973062 0.230543 -19.999054
-0.000000 0.000000 -0.000000 1.000000

Camera: Camera_77
Intrinsics:
1111.111111 0.000000 400.000000
0.000000 1666.666667 400.000000
0.000000 0.000000 1.000000

Extrinsics:
0.998027 0.062791 0.000000 0.000000
-0.013845 0.220061 0.975388 -0.195083
0.061245 -0.973463 0.220496 -19.999050
-0.000000 0.000000 -0.000000 1.000000

Camera: Camera_78
Intrinsics:
1111.111111 0.000000 400.000000
0.000000 1666.666667 400.000000
0.000000 0.000000 1.000000

Extrinsics:
0.992115 0.125333 -0.000000 0.000000
-0.026377 0.208794 0.977604 -0.195519
0.122526 -0.969895 0.210453 -19.999046
-0.000000 0.000000 -0.000000 1.000000

Camera: Camera_79
Intrinsics:
1111.111111 0.000000 400.000000
0.000000 1666.666667 400.000000
0.000000 0.000000 1.000000

Extrinsics:
0.982287 0.187381 -0.000000 0.000000
-0.037553 0.196861 0.979712 -0.195945
0.183580 -0.962358 0.200411 -19.999041
-0.000000 0.000000 -0.000000 1.000000

Camera: Camera_80
Intrinsics:
1111.111111 0.000000 400.000000
0.000000 1666.666667 400.000000
0.000000 0.000000 1.000000

Extrinsics:
0.968583 0.248690 -0.000000 0.000001
-0.047343 0.184391 0.981712 -0.196344
0.244142 -0.950870 0.190372 -19.999039
-0.000000 0.000000 -0.000000 1.000000

Camera: Camera_81
Intrinsics:
1111.111111 0.000000 400.000000
0.000000 1666.666667 400.000000
0.000000 0.000000 1.000000

Extrinsics:
0.951057 0.309017 0.000000 -0.000000
-0.055726 0.171508 0.983605 -0.196718
0.303951 -0.935464 0.180334 -19.999033
-0.000000 0.000000 -0.000000 1.000000

Camera: Camera_82
Intrinsics:
1111.111111 0.000000 400.000000
0.000000 1666.666667 400.000000
0.000000 0.000000 1.000000

Extrinsics:
0.929776 0.368125 -0.000000 0.000000
-0.062691 0.158339 0.985393 -0.197078
0.362747 -0.916195 0.170298 -19.999029
-0.000000 0.000000 -0.000000 1.000000

Camera: Camera_83
Intrinsics:
1111.111111 0.000000 400.000000
0.000000 1666.666667 400.000000
0.000000 0.000000 1.000000

Extrinsics:
0.904827 0.425779 -0.000000 0.000000
-0.068237 0.145012 0.987074 -0.197414
0.420276 -0.893131 0.160265 -19.999025
-0.000000 0.000000 -0.000000 1.000000

Camera: Camera_84
Intrinsics:
1111.111111 0.000000 400.000000
0.000000 1666.666667 400.000000
0.000000 0.000000 1.000000

Extrinsics:
0.876307 0.481754 0.000000 0.000001
-0.072375 0.131650 0.988651 -0.197732
0.476286 -0.866361 0.150233 -19.999022
-0.000000 0.000000 -0.000000 1.000000

Camera: Camera_85
Intrinsics:
1111.111111 0.000000 400.000000
0.000000 1666.666667 400.000000
0.000000 0.000000 1.000000

Extrinsics:
0.844328 0.535827 0.000000 0.000001
-0.075125 0.118378 0.990123 -0.198024
0.530534 -0.835988 0.140203 -19.999020
-0.000000 0.000000 -0.000000 1.000000

Camera: Camera_86
Intrinsics:
1111.111111 0.000000 400.000000
0.000000 1666.666667 400.000000
0.000000 0.000000 1.000000

Extrinsics:
0.809017 0.587785 -0.000000 0.000003
-0.076515 0.105314 0.991491 -0.198302
0.582784 -0.802133 0.130176 -19.999020
-0.000000 0.000000 -0.000000 1.000000

Camera: Camera_87
Intrinsics:
1111.111111 0.000000 400.000000
0.000000 1666.666667 400.000000
0.000000 0.000000 1.000000

Extrinsics:
0.770513 0.637424 0.000000 0.000003
-0.076587 0.092577 0.992756 -0.198555
0.632806 -0.764931 0.120150 -19.999016
-0.000000 0.000000 -0.000000 1.000000

Camera: Camera_88
Intrinsics:
1111.111111 0.000000 400.000000
0.000000 1666.666667 400.000000
0.000000 0.000000 1.000000

Extrinsics:
0.728969 0.684547 0.000000 -0.000001
-0.075387 0.080279 0.993918 -0.198783
0.680383 -0.724535 0.110127 -19.999012
-0.000000 0.000000 -0.000000 1.000000

Camera: Camera_89
Intrinsics:
1111.111111 0.000000 400.000000
0.000000 1666.666667 400.000000
0.000000 0.000000 1.000000

Extrinsics:
0.684547 0.728969 0.000000 0.000002
-0.072974 0.068527 0.994977 -0.198996
0.725307 -0.681108 0.100105 -19.999012
-0.000000 0.000000 -0.000000 1.000000

Camera: Camera_90
Intrinsics:
1111.111111 0.000000 400.000000
0.000000 1666.666667 400.000000
0.000000 0.000000 1.000000

Extrinsics:
0.637424 0.770513 -0.000000 0.000002
-0.069412 0.057423 0.995934 -0.199187
0.767380 -0.634832 0.090086 -19.999010
-0.000000 0.000000 -0.000000 1.000000

Camera: Camera_91
Intrinsics:
1111.111111 0.000000 400.000000
0.000000 1666.666667 400.000000
0.000000 0.000000 1.000000

Extrinsics:
0.587785 0.809017 -0.000000 0.000001
-0.064776 0.047063 0.996789 -0.199360
0.806420 -0.585898 0.080068 -19.999004
-0.000000 0.000000 -0.000000 1.000000

Camera: Camera_92
Intrinsics:
1111.111111 0.000000 400.000000
0.000000 1666.666667 400.000000
0.000000 0.000000 1.000000

Extrinsics:
0.535827 0.844328 0.000000 0.000001
-0.059147 0.037536 0.997543 -0.199510
0.842254 -0.534510 0.070052 -19.999004
-0.000000 0.000000 -0.000000 1.000000

Camera: Camera_93
Intrinsics:
1111.111111 0.000000 400.000000
0.000000 1666.666667 400.000000
0.000000 0.000000 1.000000

Extrinsics:
0.481753 0.876307 -0.000000 0.000004
-0.052612 0.028924 0.998196 -0.199643
0.874726 -0.480884 0.060039 -19.999004
-0.000000 0.000000 -0.000000 1.000000

Camera: Camera_94
Intrinsics:
1111.111111 0.000000 400.000000
0.000000 1666.666667 400.000000
0.000000 0.000000 1.000000

Extrinsics:
0.425779 0.904827 -0.000000 -0.000000
-0.045266 0.021301 0.998748 -0.199749
0.903694 -0.425246 0.050028 -19.999004
-0.000000 0.000000 -0.000000 1.000000

Camera: Camera_95
Intrinsics:
1111.111111 0.000000 400.000000
0.000000 1666.666667 400.000000
0.000000 0.000000 1.000000

Extrinsics:
0.368124 0.929777 -0.000000 0.000002
-0.037208 0.014732 0.999199 -0.199841
0.929032 -0.367830 0.040018 -19.999004
-0.000000 0.000000 -0.000000 1.000000

Camera: Camera_96
Intrinsics:
1111.111111 0.000000 400.000000
0.000000 1666.666667 400.000000
0.000000 0.000000 1.000000

Extrinsics:
0.309017 0.951057 -0.000000 0.000005
-0.028542 0.009274 0.999550 -0.199914
0.950628 -0.308878 0.030010 -19.999002
-0.000000 0.000000 -0.000000 1.000000

Camera: Camera_97
Intrinsics:
1111.111111 0.000000 400.000000
0.000000 1666.666667 400.000000
0.000000 0.000000 1.000000

Extrinsics:
0.248690 0.968583 -0.000000 0.000001
-0.019376 0.004975 0.999800 -0.199962
0.968389 -0.248640 0.020005 -19.999002
-0.000000 0.000000 -0.000000 1.000000

Camera: Camera_98
Intrinsics:
1111.111111 0.000000 400.000000
0.000000 1666.666667 400.000000
0.000000 0.000000 1.000000

Extrinsics:
0.187381 0.982287 0.000000 0.000001
-0.009824 0.001874 0.999950 -0.199993
0.982238 -0.187372 0.010001 -19.999001
-0.000000 0.000000 -0.000000 1.000000

Camera: Camera_99
Intrinsics:
1111.111111 0.000000 400.000000
0.000000 1666.666667 400.000000
0.000000 0.000000 1.000000

Extrinsics:
0.125333 0.992115 0.000000 0.000005
0.000000 -0.000000 1.000000 -0.200003
0.992115 -0.125333 -0.000000 -19.998999
-0.000000 0.000000 -0.000000 1.000000

Camera: Camera_100
Intrinsics:
1111.111111 0.000000 400.000000
0.000000 1666.666667 400.000000
0.000000 0.000000 1.000000

Extrinsics:
0.062791 0.998027 0.000000 0.000000
0.009980 -0.000628 0.999950 -0.199990
0.997977 -0.062787 -0.010000 -19.999002
-0.000000 0.000000 -0.000000 1.000000

